40000
657.2504093607166
1.6417686182401128E-13
2.2689417929623382E-13
574.8754994616145
4.985389003328781E-13
3.8046578206385346E-13
1100.5458180171313
7.238238779972966E-13
5.933706926974122E-13
858.1510295083209
1.721703799441885E-13
1.1497751470477698E-13
95.35541289016719
2.0121220196677533E-13
1.5151435228215937E-13
91.76963773369992
3.854438280486287E-13
9.116260547307864E-13
224.72381153765065
3.2566056737084306E-13
8.312612226324282E-13
602.0125052342158
4.609473335989282E-12
3.498528487560453E-12
1290.2612701278767
4.346080809588854E-13
9.144703663320023E-13
396.7838515619169
1.4444772806081884E-13
1.381171106199653E-12
1393.9749230421342
3.935151851379676E-12
2.681227602781148E-12
462.78175866487385
9.025905033804255E-13
9.308211293118444E-13
216.51943920115312
2.367473091635069E-13
8.293363632507904E-13
139.97945409249448
9.075809562831249E-13
6.296430186018621E-13
101.35324551322236
8.997140177523312E-13
6.972078782518267E-13
80.57873650682927
8.311570393107357E-14
3.3783401985278027E-13
66.21477749803853
1.6520962062120929E-13
5.388144339371356E-13
56.25305986157631
4.190420041460386E-13
9.604026317545914E-13
49.892617205872604
2.424335824278037E-13
3.846821844786153E-13
41.19245420549443
3.2588685304525526E-13
3.2417859296023783E-13
41.87886353775488
1.3741033278733375E-13
6.749466222237017E-13
33.48214494962357
4.621142160152292E-13
3.1298565337865463E-13
28.483838556481786
3.92208992629714E-13
1.5116466602810571E-12
25.386029289609734
1.591273487712504E-13
3.4765206297006004E-13
24.68866404520748
4.991647385239724E-13
1.4435336284112487E-13
25.017237307465106
2.5087874269639447E-13
7.583556805328147E-14
17.319211186821047
1.1025514812065763E-13
1.6728928222550902E-12
19.336850490788713
9.69649782348705E-13
1.5279087815825115E-12
20.69458957544937
8.848987777831577E-13
1.148972151626146E-13
14.699451188534672
1.4799882320863144E-12
2.851588026294994E-13
11.163731596936717
2.351934902179123E-12
3.3751638882580457E-13
13.890914583651343
1.1919285791749901E-12
5.308650636138687E-13
11.810548608812928
4.926037986619491E-13
6.631229103509936E-13
13.297365601459386
4.700887034354572E-13
9.105550130379233E-13
13.762032319393121
7.0313941444158E-13
2.5133119590698006E-13
14.430182243218317
1.307692643513634E-13
3.032455060948605E-13
8.40734254227913
1.4427621593231565E-13
2.089189142180311E-13
11.349041605124897
2.033613337921404E-13
1.5353097096383377E-12
8.34208338505307
2.235572532141628E-12
2.4785797176664477E-12
9.99436366403898
7.952698987019821E-13
1.2650111007527567E-12
8.860014461909099
6.889458122941081E-13
2.3720856932769436E-13
11.025707016292683
1.2579563295742913E-12
3.2697784375585176E-13
6.26281141056374
6.057908554477048E-13
5.13614665669005E-13
9.61093405168588
8.06560130314074E-13
5.244074524880132E-13
5.222245194951217
7.408540792679838E-13
1.1993112589376788E-12
7.544519917952275
1.9827778090223882E-12
1.9852758403464632E-12
6.45939021831338
8.436752028083225E-13
3.6518195377999667E-13
8.596777642951821
4.01888727046111E-13
3.1081503516489692E-12
4.190892445502088
5.316386638630593E-13
4.288689514521176E-12
5.975615447664416
1.0085180423190956E-12
1.6673699705860606E-12
5.355360082879493
6.143973190230877E-12
3.072593490311616E-12
7.926771361356908
2.4196192528004503E-13
9.985627613187793E-13
6.761791706480769
8.27104652440614E-12
7.66677817008772E-12
6.527939321758451
1.5890303594624716E-12
1.1908511736845587E-11
5.590702719233288
2.6054887073742038E-12
4.542974173865791E-13
6.862674239399409
2.4287871968461664E-13
4.606778447057843E-13
8.270832220728698
2.791165967295499E-13
2.475407329103735E-13
3.8044375219966162
1.034251550977355E-12
9.570628958124044E-13
6.604193456800669
3.550099967493993E-12
1.718472967219096E-12
4.680267651898505
6.296757834584762E-13
1.2678287596502103E-12
3.6076785925372574
7.403660199475411E-13
2.222221015303158E-12
4.235943152712148
5.398482853070189E-12
3.7377191621078057E-13
5.193578140774913
1.1057064135216215E-12
8.290893796631466E-13
3.5403977369802866
6.766453388648149E-13
1.867979606203296E-12
2.1935313335853888
2.7207775334197467E-13
4.453980738798499E-13
3.1943086686823046
4.039515281803787E-12
2.2881541753542277E-12
3.209335889645276
2.0510666813336543E-12
1.6930792744782822E-12
1.0419552359243565
1.5445130845360562E-12
8.360047847193706E-13
3.6259007350525643
1.7680286463128411E-12
1.2373461077714452E-12
2.5843957480582054
4.809692513078748E-13
4.838837750955485E-13
0.9514491675406915
7.707613129951503E-13
2.5998150017844314E-13
0.7644597037235915
1.0455644553945573E-12
3.515259904527282E-13
2.2533651822908873
4.791158516806012E-13
1.0395270216286455E-12
4.816174519795565
2.113197322827159E-12
1.4769152943700226E-12
3.666607541728304
8.615634306059771E-13
2.291799106272444E-12
4.645673014982206
2.004507914091016E-12
7.727361138186254E-13
2.9757607783860833
7.815223706660126E-12
4.242550673802486E-12
4.44420372311031
5.464686690130975E-12
3.2777847304471654E-12
6.934589492264411
1.4345020349057536E-12
6.776363333214781E-13
1.9630481671738855
1.7730647117003808E-11
5.482283436004274E-12
2.9898993101854647
1.348304063056349E-12
2.3819632272385534E-12
3.701479336302038
6.514112284953264E-13
5.133218151723418E-12
2.8725532918716765
5.226694362579862E-13
5.658778554135543E-12
1.6067345333211935
7.750306107997736E-12
2.2706659119212528E-12
1.9205363244540863
1.9279907484818325E-12
2.153564607924336E-12
2.9446073719155574
3.9424510585282185E-13
2.097854686366234E-12
0.5695674962178465
2.4566103583307736E-13
1.2624273008266153E-12
4.356351289019595
4.1692746460517715E-12
1.0133922381754165E-12
1.4175661392333847
3.4681086086216407E-13
9.162138620717097E-13
0.07661022616276447
1.7568324823750189E-12
2.345190628579212E-12
2.602030009316099
3.4585809675218035E-12
3.3837973584016426E-12
0.3067427425623908
3.2232776639337122E-12
2.9482495313702677E-13
3.1708470022549893
1.4163262077501867E-12
1.4626935294871884E-12
2.4361034702733013
3.353860054225494E-12
1.246578970237691E-12
3.116062671372885
9.230602238849956E-12
1.0870969581122454E-12
1.718544013017342
5.00515660944523E-13
8.963268714200572E-12
1.6080753255943265
2.9143381530777125E-12
1.3005611224802412E-11
5.167438825335974
2.7318714112650934E-12
7.654611011634672E-12
2.632972140564811
5.457672214494025E-13
3.0038975621118154E-13
1.698809672263192
2.594768008518502E-12
1.0900071225935067E-12
1.567485341322711
3.863201983257194E-12
1.3117120595903654E-12
2.4857117982595667
1.9910109098516493E-12
8.394484652708424E-13
3.04547728004343
1.2745313856804703E-13
1.5627067540190604E-12
4.052845285895391
2.3054419284021476E-12
8.029723909520593E-12
2.455025872940647
1.3028290930244056E-12
1.9344019213457013E-12
4.4275832283986745
1.1759232904410346E-12
6.544177769941239E-13
3.0653839616610896
2.35911758944416E-12
7.532553564380708E-13
4.462080457445449
1.6758598977080839E-12
4.0770801322236566E-13
1.7438373131584157
1.5902600192498648E-12
1.4257892821778296E-12
3.6361689875576495
1.3387417688146088E-12
3.4329925377848278E-12
3.2537483236895635
5.060824022584988E-13
3.463158363182164E-12
2.234244654993343
3.4382794332204057E-12
1.951844047845203E-12
1.9320195354673873
4.575014489060165E-12
5.274891035522086E-13
4.679930461628333
2.0886701013709762E-12
1.5254268300511032E-12
2.98287857293056
3.829712879567902E-12
3.1259321774566802E-12
1.9123134627210825
1.4769048995181666E-12
1.830296049129565E-12
2.603591414675749
1.4108354818072934E-12
6.642385501012098E-12
3.688516779995005
1.5485590627965452E-11
3.980795891832744E-12
3.3556403614364707
4.790772229087435E-12
3.265717983987299E-12
3.672713839610943
8.754378064947929E-12
5.397226598184562E-12
0.6335376467301005
3.066145224024616E-12
6.63942131442522E-13
2.6649766315624794
8.844266555674723E-13
2.8898867184733665E-12
2.795337673319246
3.0910522228266402E-12
1.1659016637669134E-12
2.287046326399981
2.4667634148821814E-12
1.0081205650501514E-11
6.230354379362839
2.141668034781644E-12
5.720006647547282E-13
5.513734287748747
2.1195012464369118E-12
3.5911339960408674E-12
2.410058611688571
6.07855443370491E-13
1.4030388127161538E-12
4.4802747663603855
9.687712089535737E-12
5.985794923794743E-12
2.5886318457537723
3.3658577131637303E-12
2.3174446680297434E-13
2.561567495896914
3.4803241312118317E-13
1.879080784161638E-12
0.23334744961935272
3.0514710925021166E-12
1.4359966235298704E-12
2.8718365371901635
2.958405892224766E-12
2.288435693566751E-12
0.9595648848111963
1.3293674655562875E-11
4.484442490794396E-12
2.7698274096006053
7.086327629727469E-12
2.4965021416866092E-12
2.5870883581054627
1.2899051426496272E-12
9.035668362222779E-13
5.133653407725084
2.312125743229465E-12
5.632047301869564E-13
0.39529150867218904
1.7187900029756788E-12
1.2944090913652298E-12
2.517363863895575
4.038800380249806E-12
6.035667669551509E-13
0.49276399771547885
8.996178915911027E-13
5.2020141323779736E-12
4.390624924527747
1.220609427642258E-12
1.9531997490782393E-12
1.7644232388756491
1.938341789961824E-12
1.542667696548881E-11
2.325107076620397
1.1108603612408964E-12
5.346969399437094E-12
2.2504876831950003
2.7464811733030686E-12
1.354595115381282E-12
4.094973074110112
1.6131125758506951E-12
1.7497888291109306E-12
1.7070950457133969
2.1415689525848864E-12
9.079058518872964E-12
1.6215603545272372
1.1014426066388337E-11
1.7330087086170128E-12
1.172952763376162
4.258599824214233E-12
3.5627366618104483E-12
2.5306181212851153
2.867996535092902E-12
5.983946533618759E-12
4.57292827232121
3.1345393227668067E-12
6.958917806082523E-13
1.0530341558924752
1.5047950632902904E-11
3.870267376834534E-12
3.283802980499199
8.10888010650124E-12
2.868621299271628E-12
2.2142023025227537
1.494899219500932E-12
1.1599693534138669E-12
4.792813468126989
9.660850983236862E-12
4.64951759182482E-12
2.1229733299812166
3.2645713478126114E-12
4.6358467880406175E-12
1.4263691839830754
1.8984549013046953E-11
2.1442793337955256E-12
0.9687751520762159
2.3355237190091665E-12
6.7373855583627084E-12
4.480744429469688
2.1392938259878104E-12
2.5361358714731282E-12
4.779191001803563
1.1916113486377866E-12
1.4141075338484002E-12
1.5053364039118262
2.763903499610854E-12
7.382127067738028E-12
2.9252810408378447
5.7008133910180066E-12
6.316992114015656E-12
3.53009790697507
1.577505715861637E-12
8.780703353584488E-13
3.0209600870872415
1.4715065861354688E-11
2.820863493958426E-12
3.807726362409866
1.0138234901390352E-11
1.1642839532956873E-12
2.6846924798870755
3.834714144474622E-12
7.527730494731789E-12
3.1091672620628423
3.4090464039054652E-12
4.721644947317976E-12
1.9064219767557196
2.809295037671491E-12
7.018762105580021E-12
2.1203095340522577
1.4641781895923092E-12
1.7426151820330498E-12
5.07819769058621
4.20981114945026E-12
2.356261157838024E-12
2.785436756921244
3.958165525406419E-12
1.6843992332322514E-12
3.012747626489442
2.6103095961272516E-12
4.032773556871075E-12
1.4022782639551201
3.295907314103306E-12
2.704231234234561E-12
1.042432450484186
1.5674926782479293E-11
1.3143673438327249E-11
1.644215886780082
8.817187084756851E-12
3.3764209795469662E-12
2.406574125730675
1.3568387043651528E-12
2.0308442587969752E-12
0.723187251082972
4.089769955860776E-12
2.3055264705814336E-12
1.112817687609314
5.620941334677211E-12
6.478086448596661E-13
5.12590884223426
1.5841122676645049E-12
1.0476170743597495E-11
1.727500085204803
1.1208499316985837E-12
2.35554823904187E-12
2.2288510650376936
7.994488817280235E-12
2.565024841631865E-12
3.5932804397198526
2.3263557196076138E-12
1.4251167836495115E-12
3.324408843328064
8.497008736196564E-12
2.156690741430788E-11
0.6793949326400341
7.717177465354889E-13
1.0694875554153729E-11
3.3358955970006066
6.032179093932822E-13
6.641521217686091E-12
5.287546603848314
9.967856649238581E-12
4.038925258374636E-12
1.7618668788712755
1.3786605845142667E-11
1.610886116598496E-12
4.807000506372055
6.23882768536613E-12
3.3474805114773795E-12
2.777257292063472
1.846621481744856E-11
4.3533997298359946E-12
5.1567414105361005
2.0651397775119517E-12
2.534467794552691E-11
4.878793572309474
2.719675287444873E-12
1.05618652936398E-11
2.0031872016239554
1.5305073916011146E-12
2.4701350255097817E-12
3.6918773172884274
4.712628211728079E-12
3.255434327139482E-12
0.4090474838857648
8.606148689685668E-12
1.9628451743671732E-12
2.6653687711044958
3.6015748312037983E-13
1.138937195721127E-12
1.2059662661234585
1.1880598847747019E-11
3.414649853201389E-12
3.2830283115496908
3.252019596911157E-12
2.218302692043815E-12
2.4256780751887552
5.249745644407864E-12
1.4168662168851179E-11
3.1813669802699716
2.312377109395389E-12
2.8712705274055956E-13
2.022995387678699
4.014835414151605E-12
4.177045753967884E-12
0.6397365838326712
9.637072488184468E-12
3.516626660267529E-12
1.286165512541275
3.1201485225935936E-12
3.867599598153919E-12
2.673543175392355
1.1051650074226775E-11
2.958584546683493E-12
2.310946421565959
3.8766803887444446E-12
2.8455031865716765E-12
1.9925439479601175
5.349747088220023E-13
3.2789157376389755E-12
1.579168344532451
1.8408487367166914E-11
2.1051841681853918E-12
2.282666072415062
3.413282793994856E-13
8.118439690418202E-13
2.990167418143143
2.454846159365798E-12
1.7773796631656492E-12
1.7147650130486445
2.450548686768615E-12
1.7745263313303914E-12
3.26429231398452
1.1750720117146748E-11
2.2461088461305215E-12
0.6755191471235513
1.595671582917697E-12
1.1487237501418953E-12
1.964003150188763
1.9765438073135204E-12
1.266226881615831E-12
5.723480945708739
4.05055558783324E-12
4.77936392554881E-12
1.2435052793638337
9.160082700094203E-13
5.7815094426142785E-12
2.7665868719831366
2.1522242729462377E-12
2.865128330630894E-12
1.6851226646019366
2.708763406909512E-12
1.1350969065941719E-11
0.590766837327277
2.554294541971842E-12
1.768104913743749E-12
2.4171898758109105
3.277277853795054E-12
3.6367925198002855E-12
1.3220542960498927
3.4824533523430245E-11
1.0203945874938756E-11
1.936188166478971
2.130515907479244E-12
4.020773880140513E-11
3.011688251846596
2.0453064363079962E-12
2.0023154680959108E-11
2.320403615873484
6.888595651671231E-13
1.2381652566121848E-12
2.5465313258830515
1.0112078449654174E-11
5.414236595411662E-12
0.7449329371939613
1.4094027614756078E-11
4.7779230605279297E-11
2.823690411231752
2.1095443562892343E-12
1.4621481266383886E-11
0.9047360419475801
2.553644998112254E-12
6.487267423503842E-12
3.387412854786702
1.111530166338E-11
6.9421822644675726E-12
2.298026083501757
1.735673796915714E-11
1.7002712001753734E-11
2.3997031422298374
4.772041551484108E-12
9.160021667017611E-12
0.6584175618718036
1.6333066929903345E-12
3.836376799166598E-12
2.7996585545741786
3.396166206618675E-12
2.4788937541217783E-12
1.4812551162298242
6.5657983678081186E-12
1.2863625156567758E-11
2.5281729296821602
1.5682632295317662E-12
4.3402538252948204E-12
3.887230701601872
1.7983942366065783E-12
1.190971080328823E-12
2.6182920651501442
7.80511059727464E-12
6.080222482154545E-13
1.675207544025527
1.2577338042363826E-11
5.971074524716902E-12
1.3045654701977787
3.8441966101374415E-12
3.3597180626398745E-12
3.5566982975186097
1.608089607240953E-12
4.0998731042496227E-13
1.8782788219467879
1.8431180386792966E-12
1.9696215408794465E-11
4.275395913405543
1.6308910266504346E-11
9.095640108388803E-13
1.2665218680829364
2.6778486641915877E-11
1.040092573370158E-12
2.6918575019695234
5.3849499342344064E-12
7.90742113394419E-12
0.5823863755171893
2.6306463039879478E-12
3.7830790786855646E-12
5.201866794541659
1.8368188152836303E-12
6.761771915653012E-12
0.9032609066228652
2.3502357343766436E-11
2.168336959606404E-12
2.7536100798395196
7.50605746294462E-12
3.1783353841464985E-12
2.8477772967031894
3.954962823337552E-12
9.006589778936523E-12
1.5215452525716597
2.184583234250609E-12
6.6586948706334805E-12
1.1653076830360638
6.042292299948935E-12
6.2278933706540395E-12
2.238399515371237
2.0561736650312355E-12
5.122888498138635E-12
4.1211241899426545
9.084926642229554E-12
3.0967637420925592E-12
1.3170456126558667
2.990659788876996E-11
3.9975709826620985E-11
2.1266127931721344
2.5729426483491515E-12
2.5984683644432797E-12
2.254039507028794
2.687703693641735E-12
3.884581847940744E-12
2.1383460812869184
8.319806669472966E-12
5.795166608333589E-12
2.962744722682443
3.838324845444477E-12
1.6260479735948878E-11
5.999989568657732
4.856075035441266E-12
5.280322972755471E-12
2.259790771195131
3.6816428701305595E-12
3.189159575954068E-12
1.4311375932271537
6.588893852750372E-12
3.527637923450193E-12
1.1984265586750138
6.746491932090975E-11
8.910808154819401E-12
1.4065751851782546
8.408064317687553E-12
4.511495733826757E-12
2.738212058471585
6.3638534459432496E-12
3.0562321033469705E-12
1.3262046045037303
2.4359355482781707E-12
4.181474705776221E-12
3.4398873970528885
7.497015417022378E-12
6.596215901217256E-12
1.9593399812384331
1.6145608580866413E-12
5.235111601466824E-12
2.903678376211905
5.785805412730909E-12
2.719387899170367E-11
2.1071966119618377
3.760198119689584E-12
3.3750918303150884E-12
1.9825557850538262
3.948033443594949E-12
1.3290387115646136E-12
1.5267284969559802
2.0123588471523664E-12
3.229986920161245E-11
2.3185371197576092
2.54250298156384E-12
2.7652825503968553E-11
2.3002683058416156
1.3880468897758745E-11
7.924939465557865E-12
2.8616574801491548
8.795847869072535E-12
1.7289759107788867E-11
3.124140075947121
2.9565947343213844E-12
9.966007741194862E-12
3.3096157379136395
9.618914577192148E-13
1.7667710020154776E-12
0.8685305486024237
1.0792313968361583E-11
1.1889893001861229E-11
3.519425702925879
6.426569225795648E-12
1.2737399510044707E-12
0.8976447836161334
5.673167218768341E-12
2.744512469238999E-12
4.103241757725759
2.163032110989459E-12
8.93116577915001E-12
2.4373912077318183
2.1964841956948097E-11
4.685797021502378E-12
1.669058987295402
2.7793086690097113E-11
8.305657884773221E-12
3.90186712990963
2.699143430455533E-12
1.073392743380326E-12
0.9690608232782078
2.9629172176761626E-11
2.2797341046149666E-12
1.7018841244606098
4.705853185065102E-12
3.4979851772960686E-12
2.7751839050062865
5.4822389236375205E-12
2.7487685130914278E-11
1.586920648501283
5.176069384493584E-12
3.110650230356955E-12
0.6430291837923061
2.3970408514819848E-11
4.4110122521718535E-12
2.667059648001808
4.59765783915397E-12
5.643211063800483E-12
0.6070186762864184
4.147676311059809E-11
1.6528702626899718E-12
5.177798426953378
1.0942484230473318E-11
1.0011981379132973E-11
2.282610572485327
8.499458214061539E-13
5.647236816995523E-13
0.6181647196184445
8.043540039040502E-12
3.9184778430287315E-12
2.792682071502107
1.0220683430871846E-11
3.012376403805981E-11
4.5584423866783474
2.328812582844451E-12
4.255782394592856E-12
2.4787649684408617
3.554730577231624E-12
5.611716752698742E-12
2.503071507937037
1.743403683049387E-11
5.826944739672197E-12
3.4143080982531506
4.654349053342065E-12
8.902782645634254E-12
1.7539195127978677
5.4883023647800285E-12
3.984616285388399E-12
2.166703120087911
6.5972035300448E-12
6.831000057706147E-12
1.8474240748378796
2.6986002001376205E-12
3.6250654706841925E-11
1.7556200003643172
1.0026851055760825E-11
5.08574220954192E-12
0.8375157163789415
1.5591885229345026E-12
5.624340958473636E-12
4.270817716596066
1.6835499239186752E-12
1.3030984658295548E-11
3.643443872023964
7.485712197499685E-12
1.715861248584507E-11
0.9023039399487737
5.758842218795889E-12
2.944257487394541E-11
2.319351582256295
3.729048375884529E-12
2.896339871647555E-12
4.509949540717866
1.5810343089540811E-12
9.668467804042957E-12
4.477771592098098
1.0296685739794182E-11
1.1848433815265901E-11
2.0119023582263424
5.618738037013494E-12
1.5856458238673186E-11
1.9526882665270597
2.996673838326297E-11
2.649929916008845E-11
2.4544483441214937
6.449202854366065E-12
7.455830936170883E-12
0.7227863021060748
2.7063633990554455E-12
9.333141200452593E-12
4.602261041543327
2.4063154418289213E-12
3.1000892076588434E-12
0.6070087930295464
5.479730550429246E-12
2.4956438786677817E-12
2.2860611431121396
4.3108718264650934E-11
4.5932997859425895E-12
1.0391101465891306
1.3467203364252938E-11
9.864403030576045E-12
1.3020419909590444
1.2754407796130423E-11
4.293797064014309E-12
2.8085777716952602
1.7586167491429832E-11
1.7114882996349226E-12
1.450739487468418
2.524662292956857E-12
4.672939311118688E-12
2.3780543740279185
1.64006471755869E-11
4.3137328451089326E-11
4.52292518428715
9.06290942982692E-12
1.2010631896828984E-11
1.628931204604365
7.69237921522758E-12
1.208491999547197E-11
4.0242316867156
9.04345933198927E-12
5.484029790189205E-12
2.219525410964282
1.177142358788254E-12
6.8157877598646994E-12
2.9452938906284847
5.63246417723495E-12
9.832313026229151E-12
3.783982382614153
6.117336442800944E-12
8.130104732001158E-12
2.624312059435074
3.5266587716202187E-12
3.63859345936531E-12
4.751230883015006
4.527319223154668E-12
3.273276980883443E-12
4.760374246961871
2.0349927364209975E-11
8.109907143888E-13
1.3408600310057575
9.604151492275589E-12
5.799902373970273E-12
0.8469294431722252
2.8852267288025003E-11
2.561295537491462E-12
1.0151426534259225
6.245108172406741E-12
2.7172151362407413E-11
1.7435961677092184
1.0645706816441829E-11
1.1858049239509517E-12
2.358607258731504
4.9399113571612594E-11
3.271302513854815E-12
2.7611367371471003
6.9859078127105134E-12
1.1643459783732711E-11
3.522027868449356
3.5542397866027654E-12
1.1535540404151862E-12
1.2429102308358129
2.1839120556378522E-11
4.8387019763521644E-11
1.8497770630750088
1.2621586388926135E-12
4.0089344927116685E-12
2.4115532872928163
2.0107828422675848E-12
6.054733397606052E-12
2.7776372700266374
3.5234735296108407E-11
1.6755725168462967E-12
0.4028419833724247
4.643643366834011E-12
2.671490586273091E-12
2.108111189289118
3.1608953852994295E-12
3.622398615901673E-12
3.7257462586365024
3.627961654865833E-12
3.063113411464336E-11
2.228333242637943
1.0407323745811901E-11
1.2769069047284956E-11
3.7760461254783313
6.134412825453062E-12
4.654336800877703E-12
1.899231338554672
1.5585126432153705E-11
3.729285748511056E-12
1.0842330022471403
1.7933454201605942E-12
7.972088103628847E-13
3.520038464664615
5.544396239465896E-12
6.737074748301358E-12
2.4589851699956937
3.418513513875646E-12
1.2754563083384525E-11
3.427923533929074
7.876790967643596E-12
9.299438887057047E-12
3.0486857591518066
2.0454739658390777E-12
9.6531524203731E-12
2.4186931985313014
2.1848913254690433E-12
1.930535560970387E-12
3.913919927689231
3.000083089443529E-12
1.4266960479152875E-11
4.108098845812485
8.120603372508881E-13
7.158844534306613E-12
2.174057926720841
1.786988551817979E-11
6.181619927095125E-12
2.9273980194498566
2.6783733399076783E-11
1.8400407115097524E-11
3.0081634585911794
4.2910343927711854E-11
7.464056901611618E-12
2.111207250410466
3.5600168696638702E-12
1.5363008335762188E-12
2.139446697092153
7.467028753561719E-12
2.9490968134452443E-12
4.311728388164498
1.4658272163180726E-11
2.2399849902342778E-11
1.5691506312332908
1.559427158259058E-11
3.635734178022616E-12
2.0710183604275225
2.5867464657659417E-12
1.1792495341501368E-11
2.422451093749576
2.8036055486986163E-11
6.8009806604298944E-12
0.9507307529398936
4.511349207016966E-12
6.3354682270588595E-12
2.4730303055792247
1.5217727054172947E-11
7.51609581740679E-12
1.914567146346373
1.2593484088536634E-11
6.9442486581476855E-12
1.162257457505436
1.5255639405180257E-12
8.390369595770278E-12
5.344894403073155
3.9457517271077426E-11
6.109655958019844E-12
1.0968614939868753
1.5047369346056992E-11
1.1837937509527261E-11
2.6041247921283444
3.996884883369533E-12
1.3016232349029625E-11
3.893690877708462
3.8574185853986804E-11
9.819203919489835E-12
1.943551675859561
3.688822850940405E-11
9.443410210196587E-12
2.2747031092320866
4.685416970029487E-12
1.6571786539565717E-11
4.26359028577213
1.5212754885919236E-12
8.746595503731665E-12
3.025040585340604
1.0246286085566902E-11
8.33003254909824E-12
2.7163740780193226
5.615409685676875E-11
2.13040198694598E-12
2.1847728106135587
6.087147525292606E-12
5.091052712820789E-12
3.5275421851796143
7.355802494989445E-12
2.753661170188139E-11
1.2922180349195231
2.2439711600505737E-12
4.275198256817249E-11
5.154437240610019
9.255434648966651E-12
3.0750092279782256E-12
3.344553884847034
7.0921083902128414E-12
1.3848476831423104E-11
0.4582259157973783
1.4811025044385574E-11
2.076442451628311E-11
2.5138695868195065
5.1897263311428006E-12
5.551659219540715E-12
3.9554225648766113
8.142130200177004E-12
8.624555894320831E-12
4.418560412798734
7.638506089645036E-13
1.2934596174832668E-12
1.2401753003043763
8.031154977550793E-12
4.7795106790143876E-11
3.322840057745549
1.281982593284431E-11
2.8425050375017677E-11
5.1388175065589055
7.452088730331013E-12
1.2493659247939811E-11
3.3867575590583057
1.5430764673080878E-11
2.8856899131064675E-12
1.248391366321077
9.285639988567502E-12
2.5384938658404992E-11
1.926570771436006
4.555912166349289E-12
5.128164129306645E-12
1.3788578843228583
5.15718246176265E-12
2.219072029008048E-12
2.9789735373394017
9.209177015444966E-12
3.033346746909691E-11
3.801588133023598
1.8414431017819554E-11
2.3279690811417968E-12
0.3741868434802024
4.757937986130317E-12
8.461812061720283E-12
2.7757860292869063
1.0374661357086013E-11
1.1486796980152043E-11
1.2159451706354856
9.149148193746683E-13
7.995506600881875E-12
2.8389365222498757
3.683182936463945E-11
4.570570260495571E-12
1.501544786415768
5.087441885627082E-11
1.1745351483555638E-11
0.641230474688161
2.3008009182870884E-11
1.446975668166704E-11
2.5396469835796487
3.871850675346484E-12
9.519503380793597E-12
1.698336535910905
1.4674565302378323E-11
5.664582815533744E-12
1.106190759823494
2.3946423802673948E-11
6.4142633738176795E-12
0.996265565364537
5.966151082430472E-12
7.633931089345018E-12
1.104748081488554
2.3686033990056338E-11
8.00274595561529E-12
3.4356419627045693
1.1437793691632313E-11
1.3143603605453017E-11
3.3328565800629493
1.3892430976438718E-11
3.5102926339583086E-12
1.9381839199996151
1.824673433584461E-11
1.3151218049607698E-11
3.2350742229142906
2.4389355432477656E-11
3.3676373299457622E-12
1.5493045062338195
1.3282116020354156E-11
5.080648440364918E-11
0.4724658284136034
1.180448122925482E-11
7.744823534445489E-12
5.317592251592621
1.9697577122228334E-11
2.559604827653255E-12
1.1295208326286719
3.084934862040841E-11
5.831223933500064E-11
1.2124349678447344
4.188706209503804E-12
7.830243565748259E-11
3.3951422427670757
8.58340449524697E-12
8.053372047635154E-12
2.8026706236002608
6.9254394308249894E-12
4.854345210974397E-11
3.261190326776162
1.0211444432594832E-11
5.309089690920961E-12
1.4248065977919042
7.159508537417195E-12
4.0129936533044E-12
2.398102392580724
1.96822148062583E-12
1.1859903922673164E-11
3.054462495194673
1.4695482750231213E-13
2.6765081316606812E-12
1.7583417203935203
5.239671799297437E-12
1.605781722302091E-11
3.7335309819535536
2.0385974843800237E-12
3.056765172903868E-12
1.111743136330979
4.522458933441047E-12
1.0041053447266828E-11
2.0390161317052278
6.666705349330942E-12
7.186728013889201E-12
3.416572149005312
5.680634737942155E-12
5.187117306099644E-12
1.8532616283060304
5.120223989623259E-12
6.097723739527148E-12
2.8737746943191764
2.5832796730139713E-12
4.2350814340015206E-12
1.4730636490264801
1.0680670200167239E-11
4.948784091409412E-12
3.332844165136663
1.366075069095836E-12
1.2781310250479995E-11
1.4898666019945983
5.0436817915163036E-12
7.305160994785226E-12
2.4333717352443203
1.7993415125164125E-11
4.8806213222668674E-11
2.7409355689130903
1.8867148179004378E-12
6.3313540066071556E-12
2.6829508128021797
7.307062485250105E-12
1.3886771293505822E-11
2.874865295405521
1.6410969890843106E-11
7.427128856866567E-12
1.674659077412549
6.3199321843159926E-12
2.792829596387954E-12
2.5970404249472256
1.7117662589778348E-11
7.983121905905149E-12
1.6712484915740662
4.811291504188005E-12
1.698086992082486E-11
1.1640203409886138
1.095656915279709E-11
7.124738394537451E-12
3.84899696049056
1.3571646125428125E-12
1.7078893192189433E-11
3.0546952275528985
1.2516281434193657E-11
5.399762024090471E-12
2.3902542176919064
2.9391343203804854E-12
4.333769413882767E-12
3.9638212336403233
1.8177095856406502E-11
4.521020758269861E-11
0.3777116042676507
7.811315169794917E-13
8.995122368629592E-12
1.1814840972775027
3.5324097018746495E-12
1.675583331099205E-11
1.8780449069252165
2.6478664623318978E-11
1.0765012360848322E-11
2.411848912450641
8.919713549292981E-12
5.609257086646963E-13
3.9095269081286292
1.1627621179413242E-11
3.313589649078307E-12
3.8754407681959355
3.705839612828213E-12
3.5637535266826878E-12
2.892920088594679
1.146632739501775E-11
9.72415177985242E-12
3.104860185337765
1.0061805752278147E-11
4.889316401123583E-11
1.7541254183360313
1.0536715650474038E-11
3.017553895020776E-12
0.4903239828441877
6.646897826522236E-12
6.7828848824346285E-12
1.9737500988067036
5.970732071730666E-12
3.5825086423657052E-12
0.7431950892823999
1.1989167758093208E-11
8.214725757217847E-11
6.836126922121884
3.305026802462589E-11
1.536804865388278E-11
2.93398592249158
2.312015011497762E-11
1.851969978970824E-11
1.7451907745571347
6.012792253648369E-12
6.895914489339298E-12
0.6406727995423178
1.1703313174772337E-11
4.139131519415036E-12
1.8037773979933673
7.349452361202439E-12
3.0602470044454305E-12
2.359130007980528
3.101219089119738E-11
1.8010400196315657E-12
2.0648283862740384
1.2211212406153845E-11
2.8733709574976374E-12
2.5201284607742327
1.1851133172592926E-11
1.0815519979685632E-11
1.3202831051767494
1.333765257002091E-11
5.996223424066416E-12
3.531246053044954
1.000007412528788E-11
4.037929664544733E-12
5.542339941199493
2.4934360781554284E-11
5.183108472233785E-12
3.7192690378173316
4.516555051312458E-12
3.824644795610484E-12
4.200465293346457
5.18352846473864E-12
3.2443714287161467E-12
2.6488719511943937
6.816189424077182E-12
4.777914782467065E-12
0.6076792997109671
7.115904838196969E-12
3.954351056444515E-12
4.541035647667685
1.2456298051693216E-11
1.4274655051097392E-12
1.9666366881824122
4.162835725827871E-12
2.579981073324662E-11
3.911180639416874
7.847509533378475E-12
2.2974720790179108E-11
2.946688454782371
3.931036056932652E-12
7.316667659693003E-12
4.124616499300943
7.654514932360686E-12
7.046310677398695E-12
0.9503537960545272
1.7477287113937963E-11
2.1547793445951956E-11
1.9525664802952327
6.089338992089278E-11
4.5811442790862944E-11
2.180278607568782
1.255893233393895E-11
1.1781781419563437E-11
2.080672401713556
9.970359167224939E-12
5.078321676417181E-12
1.3149102628193812
2.9426471191379747E-12
2.0005916225536605E-11
4.006601573327368
5.2948952945528E-12
1.3961722064425574E-11
3.797370790611952
1.2823941105071082E-11
9.122339932833458E-12
1.0977478143170791
1.3046681988164493E-11
5.0135281115236664E-12
2.4469166013538826
6.402562124277706E-12
1.2397646330587209E-11
0.6794098252747323
1.0410348212678522E-11
1.638112867098796E-12
3.1104369991554517
9.972450035431433E-12
1.5814153904071065E-11
1.7845324575852202
1.912056658196426E-11
9.700846133111219E-12
2.6343673248547033
1.4333898889327707E-11
3.1830587232593063E-12
0.9069998564585984
3.729555332382086E-12
8.363583275249995E-12
2.8097507985691164
5.058349764434155E-12
4.37301490020064E-12
2.4433990319741987
7.759419727120109E-12
1.9333960428659276E-11
4.654350829051378
6.444123079608687E-12
1.9920504265706395E-11
4.266691938174828
3.182085529647105E-12
1.1368749768747535E-11
2.912448010561755
8.43592870237045E-12
2.647703919907712E-11
1.9933572574367868
7.776467641478729E-12
4.6323227382392666E-12
2.027509755092049
6.4841920309516296E-12
4.2180372532904865E-11
1.9405702268746252
2.3580801412599878E-11
9.807176025695703E-12
2.007392592168083
1.88278400179423E-11
1.9088315577414156E-11
1.5352828679331083
3.066453461068411E-12
3.4883721253171882E-12
2.780946519552413
3.932319825090727E-12
3.27847920962927E-12
2.7676277996697802
3.089902472554522E-11
5.382623896759888E-12
3.418848110610767
1.187995496671832E-11
8.067109573089343E-12
1.2275330987452693
2.4103873341338166E-12
1.7096259390726013E-12
0.7384199873732227
2.0090175609350097E-11
3.5838354411125643E-12
1.015093756565339
5.345961021770589E-12
2.3694752394494286E-12
3.022074566024314
6.587818812711025E-12
5.360050652139115E-12
1.877946098918483
1.5669736352557376E-12
3.374808071943184E-12
2.483672014618068
4.830026734488808E-12
6.110600632089947E-12
1.3366516791435683
8.205804824708376E-11
5.990339044135263E-12
2.490870496224469
1.4096619503832835E-12
2.8497688370634546E-12
2.6349112286306173
4.037461292332018E-11
3.889649088562318E-12
0.8740665212975886
3.2800661127126596E-11
2.191194183023559E-12
3.982822262531614
9.12161250842598E-11
3.899634220126795E-12
2.9012205377199742
4.245649485911696E-12
3.081154938263891E-12
4.1397387325314225
5.622933811074665E-12
2.291877752844821E-12
2.042002811257834
6.6147970898209735E-12
6.037120048520769E-12
1.2650006903040003
7.15454408422082E-12
7.260116686552239E-12
2.0420028112645072
1.2249500075208244E-10
5.126446327216875E-12
4.13973873255748
2.6924694973823456E-12
5.863902003198089E-11
2.9012205377295954
4.892769559153485E-13
4.822384574290009E-12
3.9828222625317915
7.930158150132615E-12
7.704166063318678E-12
0.8740665212589617
3.8926995490406885E-12
3.462019912068054E-12
2.6349112286336043
1.0537633646858437E-11
2.705336020737547E-11
2.4908704962382116
2.0023729631550166E-12
7.178342074318048E-12
1.3366516791375573
9.5406801263777E-12
9.830559139461748E-12
2.4836720146086577
1.4437338633236497E-11
5.267853640661726E-12
1.877946098943405
4.6989522432844557E-11
6.043619503956616E-12
3.02207456601863
6.290953573051748E-11
5.349582846914512E-11
1.0150937565992348
4.952635124430648E-12
5.4723756639733404E-12
0.7384199873964896
1.4081573147722125E-11
1.3916574987867118E-11
1.227533098812096
3.771046567975408E-12
1.7942589029643074E-11
3.418848110607693
2.5949353673488965E-11
4.129376191925392E-12
2.7676277996819336
1.1874241403250522E-11
1.868033797802993E-11
2.7809465194934284
2.637742441378488E-11
3.110072946707919E-12
1.5352828679458668
5.148448647521945E-12
1.0104661431422786E-11
2.007392592135685
6.469646263418841E-12
9.271825377890121E-12
1.9405702268873197
5.811672441687715E-12
4.727043568859535E-12
2.0275097550940626
6.9029235840000315E-12
9.270419905069493E-11
1.9933572574352838
3.063852483598201E-12
5.924356513160256E-12
2.9124480105580624
4.312868713113279E-11
1.8846564340074838E-11
4.2666919381768915
1.952799063373273E-12
1.192341327238649E-11
4.654350829044502
7.366871119587346E-12
1.4222927638947853E-11
2.4433990319877004
2.5117858188639224E-11
2.120565787590498E-11
2.8097507985754704
4.939084874939717E-11
2.7157996536036863E-11
0.9069998564793942
1.5051941436440006E-11
3.112780772942936E-11
2.634367324874757
3.3375019161370442E-12
7.454958327280989E-12
1.784532457574816
3.916283787445308E-12
8.813990362199883E-11
3.1104369991723284
1.1179078425361408E-11
3.475166723441386E-12
0.6794098252504431
1.0401238460336472E-11
5.3475951728429925E-12
2.446916601360242
1.089510478933449E-11
1.1744874754478318E-11
1.097747814297263
1.2935243702432444E-12
3.4224688896804665E-12
3.7973707906019447
1.1468403838608033E-11
1.1715303968064315E-11
4.006601573324838
7.865613326700891E-12
1.2867707532530029E-11
1.3149102627793865
4.549809861362157E-11
6.006089776087209E-11
2.080672401717265
4.93981546054355E-11
3.671394470984023E-12
2.180278607578448
1.5899053550864132E-11
6.747460010969998E-13
1.95256648027625
4.170925753349439E-12
2.3624227845741494E-11
0.9503537960431175
9.804170291390487E-12
1.3156924016904374E-11
4.124616499359602
3.923088879196788E-11
4.178446489112879E-12
2.946688454776658
2.3695886992695223E-11
7.121510004565204E-11
3.911180639418427
1.2850140766518989E-11
3.996474964756196E-12
1.9666366881895148
1.1574179430815605E-12
8.650662763456235E-12
4.541035647700066
1.5655113325611852E-11
1.2448002223485946E-12
0.6076792997095813
4.410844079029236E-12
1.1596901096874808E-11
2.6488719511371204
2.456661566571922E-11
1.326729470270381E-11
4.200465293317834
2.239546664830966E-12
5.444198316184496E-12
3.719269037823567
1.0901165922466389E-12
1.1272797147953616E-11
5.542339941195436
5.0034667034016685E-11
9.319307914865771E-11
3.5312460530554395
8.857349753095595E-12
1.5221337304608346E-11
1.3202831051925699
5.2279834250083674E-11
1.1043197723446744E-11
2.520128460772673
2.989817977662832E-11
3.028470431799293E-12
2.0648283862814725
1.067358752064229E-12
1.0137979967265323E-11
2.3591300079717574
1.1860121940823012E-11
4.497541384590357E-11
1.803777397991584
5.0364278491587016E-11
4.3153145928025575E-11
0.6406727995423627
9.551118653107432E-11
1.8031459959948258E-11
1.7451907745198254
1.1376933546846658E-11
5.759894050179994E-12
2.933985922502806
1.4971231566102408E-11
1.675278580074636E-11
6.836126922126926
2.7437792728821044E-12
4.183517762855803E-12
0.7431950892762693
7.54174975381378E-11
4.912719757354611E-12
1.9737500988091894
4.993257978347269E-13
9.12019787053018E-12
0.4903239828358708
5.04820373351583E-12
3.710033964383263E-12
1.754125418347096
1.962074714435442E-12
2.1110746969413685E-11
3.10486018537213
7.689149305530113E-11
1.3812764988159783E-10
2.89292008865012
5.260823416360422E-12
1.0237901795627832E-11
3.8754407681963006
9.039496588731893E-12
8.273638723922343E-11
3.9095269081180017
6.563398625365502E-13
1.1600933180315922E-11
2.411848912463268
3.9055495186828126E-12
3.111861476059877E-12
1.8780449069298923
7.74933162357868E-12
1.342630963844589E-11
1.1814840972735918
1.1634538213772937E-12
1.0034973677645583E-11
0.37771160426367684
3.8812938300553176E-11
5.991612318414434E-12
3.9638212336137504
8.018099285497583E-12
7.693748281263102E-12
2.3902542176692423
1.4564713025416112E-11
1.5859402163094562E-12
3.0546952275680255
3.431597005547606E-12
8.809826965357684E-12
3.84899696044734
4.3317710039295546E-11
5.784597367986604E-11
1.164020340986786
2.4152672910223284E-11
1.5947157147991443E-11
1.6712484915913222
7.104552037734238E-12
9.010660695931068E-12
2.5970404249505235
7.523954492003219E-12
7.85617541491049E-12
1.674659077410605
9.317003394880991E-12
3.969192171539616E-11
2.874865295418293
2.067927007813959E-12
3.647189534870763E-11
2.6829508127644814
3.526659893758899E-12
1.0631708769130625E-11
2.740935568901997
2.0451711344924968E-11
2.2860159652440783E-11
2.43337173523844
2.5773040120422242E-11
2.109089557793357E-12
1.4898666019584388
8.154898136735148E-12
1.6887631989876672E-11
3.3328441651377227
1.6039706882990513E-11
1.859318685933335E-11
1.473063649024654
1.2060762156320652E-11
7.390984426768975E-11
2.8737746943595646
1.7588271926807875E-11
7.920773190665258E-12
1.853261628315361
1.701461256118459E-12
6.992731511486436E-12
3.4165721490768273
4.220470791334858E-11
5.157992007582766E-11
2.0390161316848388
4.1344625149870485E-12
1.10645077354839E-11
1.1117431363405417
2.0567175767019664E-11
2.3859364828986707E-11
3.733530981954627
2.335964146645115E-11
1.1947044864759022E-11
1.7583417203951284
1.449883895189556E-11
1.4139249995525398E-11
3.054462495201688
1.2660797886782584E-11
8.369480800530247E-12
2.39810239256605
4.312748142782733E-12
1.2599743355176536E-11
1.4248065978176399
5.9869136045061605E-12
1.2026619751550532E-11
3.2611903267449485
1.4847638616554785E-11
7.945757436678485E-12
2.802670623581577
3.0011234489959126E-11
1.842638030352004E-11
3.395142242763158
5.270974193286943E-12
5.163662977971576E-12
1.212434967803875
1.3762230850521413E-11
1.3001111730965683E-11
1.1295208325941277
1.975015505269448E-11
1.7829182655320073E-11
5.317592251560288
1.5021215750754963E-11
8.8383019892462E-12
0.47246582841504436
1.8255078122087938E-11
1.2004479693901685E-11
1.549304506218657
3.826882110210086E-12
9.702657469731258E-13
3.235074222880535
1.3772406073721227E-11
5.937844894072518E-11
1.9381839199962856
1.3466204042779688E-11
3.395809202048268E-12
3.3328565800650916
1.292830247487179E-11
2.6481447095263257E-11
3.4356419627135506
5.166453407598427E-12
1.5400804728144383E-11
1.10474808147256
7.037687409420562E-12
1.2190732947502264E-11
0.9962655653414234
6.965844224639095E-11
1.5586656948986547E-11
1.1061907598420866
2.12903854507882E-11
2.274688512186687E-12
1.6983365359266662
7.137485760242924E-11
6.725758767582192E-12
2.539646983595712
3.812168348336549E-11
1.2938384139681256E-10
0.6412304746896109
6.0741981270299956E-12
1.8504068649609314E-11
1.5015447864147091
3.0341042620978815E-11
5.923598960333101E-11
2.8389365222823204
8.824417361575226E-11
2.067204584347345E-11
1.2159451706400537
1.6631209926394266E-11
2.5550001815719643E-11
2.7757860292520875
7.117655253035019E-11
1.596231566661442E-11
0.3741868434852203
2.3706933457996784E-12
1.9383640779541927E-11
3.801588133049504
1.4899608027750903E-11
1.9504091500493124E-12
2.9789735373168913
4.8607750030249744E-11
4.778226458765879E-12
1.3788578842991694
5.498913691874739E-12
7.804259311276827E-11
1.926570771429463
5.2036108864802336E-11
1.636211084745287E-11
1.248391366394701
4.64238407236994E-12
1.0285810153138229E-11
3.3867575590814316
2.6244954454310603E-11
2.432851189582909E-12
5.138817506548386
4.855721509866976E-12
4.682319818564163E-12
3.3228400577413346
8.839421417922655E-11
2.6640901907200554E-11
1.2401753003075717
5.5125916939378424E-11
1.0113304071521088E-11
4.418560412792567
1.599322808395712E-11
1.1846800316580174E-11
3.9554225648622405
4.878635914013808E-11
2.567584787031612E-11
2.5138695867778327
7.172228352339213E-12
2.6449630323471466E-11
0.4582259158114136
1.920083128973684E-11
8.688140297707594E-12
3.344553884841609
8.162009262388637E-11
2.3701331643312533E-11
5.154437240613658
2.1209418829203683E-11
7.649651748043933E-12
1.2922180349213968
8.295189424045224E-12
1.7996210454184022E-11
3.527542185173383
8.073570919275799E-12
1.1360375307502811E-10
2.18477281061159
1.409470631229522E-11
8.751686565949409E-12
2.7163740780450243
1.0388476773243843E-11
4.3027699231903725E-11
3.0250405853585423
1.6966214817756747E-11
4.446679597238935E-11
4.263590285753886
1.901903592301462E-11
4.461574803397035E-12
2.274703109212531
3.4603327542005912E-12
4.445642254193075E-11
1.9435516758634463
7.577933418759572E-12
3.5890062880206582E-12
3.8936908776966264
2.4649831799064662E-11
1.9229424214494988E-11
2.6041247921278847
4.3009190727160356E-11
7.211803735186547E-11
1.0968614939733843
3.517065488688031E-11
1.807577170762301E-11
5.3448944030790235
1.304010715942992E-11
1.1511873037881311E-11
1.1622574574932785
3.6067489301198784E-12
5.904666885875829E-12
1.9145671463548195
1.346842274121998E-10
2.8487598040345236E-11
2.4730303056162937
8.758738088710107E-12
6.788783280365663E-12
0.9507307529236497
1.2639903096178726E-11
3.1563831497756444E-11
2.4224510937412647
3.315468409998008E-12
1.3145746330792257E-11
2.0710183604702377
1.4643095556526322E-11
6.7866893700418876E-12
1.569150631248949
2.6531866271622146E-12
1.7565589273492006E-11
4.311728388175977
6.686417542989595E-11
2.756277470834938E-11
2.1394466970853707
3.0032069301007264E-12
8.759773776572655E-12
2.111207250419462
4.459464589085745E-12
4.4053202043922017E-11
3.008163458686015
9.363456529424448E-12
1.549509366965743E-11
2.9273980194182476
5.8041592307420606E-12
1.1445252518003695E-11
2.1740579267254656
2.4914471247795634E-11
2.1122481346122478E-11
4.108098845815396
1.2757635170524498E-11
2.0430616687328392E-11
3.91391992771439
6.003356605016502E-12
7.152207716959607E-12
2.4186931984042683
5.81037335669895E-12
1.1864795363661275E-11
3.048685759143332
5.34488077465443E-12
1.7470585549690197E-11
3.427923533925341
1.4993263846685788E-11
1.6630629449185972E-11
2.4589851699425753
7.43936030911679E-11
8.098668690283134E-12
3.520038464714932
1.319686631706542E-11
3.322852601825329E-11
1.0842330022495923
1.5697984177003327E-11
5.952761846285839E-12
1.8992313385530832
2.3883467654522853E-12
1.2273166587096352E-11
3.7760461254865594
1.238057303630131E-11
6.636309627777982E-11
2.228333242642079
4.5871023569019545E-12
7.146143324891432E-11
3.7257462586196484
1.6998207374712616E-11
6.937728413202547E-12
2.1081111892048208
6.396302476911993E-11
1.6281806274882525E-11
0.40284198337197946
6.025638843709849E-12
4.2557567455224555E-13
2.7776372700213234
8.91646868989775E-12
8.626568321239431E-12
2.4115532872987635
2.48387198960709E-11
8.9881979653101E-11
1.849777063058259
9.33325070246649E-12
1.4252182810056284E-11
1.2429102308373614
4.537419551941094E-11
3.799386396915728E-12
3.5220278684187374
1.995377829577144E-11
9.978167140343423E-12
2.7611367370847706
1.257016703994143E-11
7.04823252045112E-12
2.3586072587370097
9.234254059960061E-12
3.5707752716851258E-12
1.7435961676980247
5.52660181859578E-12
1.835999448010792E-11
1.0151426534267485
1.3091152508784044E-10
1.76671190240127E-12
0.8469294431767789
5.818912838640036E-11
8.81027976054978E-12
1.340860030985373
1.0911481665726196E-11
1.6607288999432192E-11
4.760374246972294
8.043425660370849E-12
2.346391627805345E-11
4.751230883019648
7.271347400444347E-12
8.346825269402676E-12
2.624312059449911
6.443589870940847E-12
7.331103786072503E-12
3.783982382631182
9.598301833629331E-11
7.074439123237783E-12
2.9452938906773536
4.42249043286028E-11
8.856121525838713E-12
2.219525410957775
1.0051652695375107E-11
7.70042993317918E-12
4.024231686721443
7.361081563479098E-11
2.4443213061002094E-11
1.6289312045974518
4.1944812233795884E-11
8.20612457841195E-12
4.522925184280669
3.009403442679875E-11
2.8447718578709454E-11
2.378054374020743
1.6412836875955344E-11
3.792920923378418E-12
1.4507394874543507
3.5272855654975445E-12
4.950635307095556E-12
2.8085777716794453
9.067548996810925E-11
1.5576275269640573E-11
1.3020419910459562
2.252286548386285E-12
3.757825670145336E-11
1.0391101465933208
5.96270919195328E-12
1.620674755461889E-11
2.2860611431224283
1.251592413894047E-11
1.2132091895143705E-10
0.6070087930371654
4.744916915338042E-12
7.16315998163837E-11
4.602261041551872
6.764373845394732E-12
3.0252930237096405E-11
0.7227863021037191
6.724087418147027E-12
6.672368846614548E-11
2.4544483441439997
1.8559352972784394E-11
1.4660359814828546E-11
1.952688266503239
1.3734103263261331E-11
1.518217074048623E-11
2.0119023582175593
1.1933640589642399E-11
8.480431075314185E-12
4.477771592080062
1.415995834198976E-11
3.7004325164598554E-11
4.509949540734179
9.29131754241895E-12
1.2664597439568801E-11
2.319351582251537
4.462197524122752E-12
5.558201543514485E-12
0.9023039399365453
4.566591420727274E-12
1.25104920685763E-12
3.6434438720263795
5.6378116919575494E-12
4.6179093921472445E-11
4.270817716598132
1.7285038418143474E-11
4.402735066855527E-12
0.8375157163489182
1.4527860825332272E-11
3.551521844936673E-11
1.7556200003396474
7.005591856080178E-12
4.0410185990118775E-11
1.8474240748213857
1.7497493074801295E-11
2.660047448638671E-11
2.16670312010703
2.1668875184331614E-11
5.888583783031282E-11
1.7539195128033016
8.455662944101021E-12
1.213687444205254E-11
3.414308098217292
6.0746204785967805E-12
7.765167298310061E-11
2.503071507955182
2.8193169919126515E-11
1.0658315270552053E-10
2.478764968464755
7.358814229220247E-12
1.1113034014132658E-11
4.558442386680646
4.358486857131955E-12
1.8412047434578906E-11
2.792682071490703
2.5963035086247E-11
1.054480323404824E-12
0.6181647196236139
1.7439856725972248E-11
1.1142790886619643E-11
2.282610572411822
7.51513550829133E-11
1.5441054672234227E-11
5.177798426952886
3.597758659106153E-12
1.2569150607368018E-11
0.607018676272687
1.064698506432398E-10
2.1222765476742E-11
2.6670596478928696
2.546199269790597E-11
8.875374525827168E-12
0.6430291837790988
2.0455232828351448E-11
8.65705418502695E-12
1.5869206485032477
3.0633616188338507E-11
1.0166343558823658E-11
2.775183904999935
1.2883590697139587E-11
4.9010839074948903E-11
1.7018841244679515
1.1851506758083784E-11
5.500575422461962E-12
0.9690608232877661
1.3389631744088233E-11
7.380793485030392E-12
3.9018671298890526
1.025113265988518E-11
6.304037920189313E-12
1.6690589872731894
2.67670509539139E-11
4.9018564015182035E-11
2.4373912077221553
2.261969413060966E-11
1.247456909073528E-10
4.103241757707114
7.886648916999624E-12
1.5881256459802133E-11
0.8976447836685132
1.4001517651367194E-11
3.1155163561218075E-11
3.519425702905468
9.651665853893167E-12
1.0234447074437256E-11
0.8685305485884146
6.946319918379501E-11
1.5559734923070466E-11
3.3096157379049944
3.304609750506869E-11
3.061552071062527E-11
3.12414007595119
2.502551812143592E-12
3.7709362573819435E-11
2.861657480149702
1.151078558417636E-11
1.3302914338717849E-11
2.3002683058502207
1.1558990493692653E-11
1.7511009412217164E-11
2.3185371197519205
2.8086662682493794E-11
1.949979604189642E-11
1.5267284970660828
2.024512015686682E-11
1.221301535493891E-10
1.982555785024
2.122252194763944E-11
1.9510781707334935E-11
2.107196611959568
2.9011201807900816E-11
2.7680647180490962E-11
2.903678376200659
6.485785674277646E-12
7.821164725222538E-11
1.9593399812532764
1.3075536496100816E-11
5.612818074591485E-12
3.4398873970547923
5.425813744756294E-12
7.957750575658546E-11
1.3262046044738156
7.55591151298004E-12
3.6087842359424914E-11
2.7382120584519996
9.39785732265436E-12
2.1020127696865155E-11
1.4065751851870791
5.748802401880725E-12
3.031862163897232E-11
1.1984265586701373
1.0457329518717711E-11
7.462017938567095E-11
1.4311375932280523
2.1118829493686077E-12
1.2050755641899594E-11
2.259790771184577
1.7259431925163844E-11
1.0170660815965E-12
5.999989568693329
3.065717937784361E-12
1.194050766307904E-11
2.962744722724603
5.377696282450577E-12
1.6975071834508393E-11
2.138346081341553
3.749510893699664E-12
1.407847776080009E-10
2.2540395070265338
1.7380714142920962E-11
1.4022419829528892E-11
2.1266127930498775
1.7286512873601722E-11
1.180959031896347E-11
1.3170456126479948
1.265502415488718E-11
1.0966661145501771E-11
4.121124189962871
6.928021235941503E-12
1.9751678785046316E-11
2.2383995153669565
9.77909287103074E-12
8.600808466854834E-11
1.1653076830130096
9.581489316524884E-12
7.595884380042018E-12
1.521545252566887
5.132556560590526E-12
1.4180585124499489E-11
2.847777296685649
1.5182406293825665E-11
4.50008907506314E-12
2.75361007980677
1.57937600489148E-11
1.2678308334181367E-11
0.9032609066317744
4.9522553121027685E-11
3.1975021772290914E-11
5.201866794550538
1.587252044249919E-11
3.048297280886661E-11
0.582386375519492
1.090564161797577E-10
7.259649478593224E-12
2.691857501950732
4.83444981800128E-12
9.434968445514548E-13
1.2665218680744859
1.0235758284420813E-11
1.981932658914355E-12
4.275395913424336
1.2755653952974918E-11
1.703049902279758E-11
1.8782788219303463
2.1737932947946432E-11
1.4028732523529223E-11
3.556698297515287
1.4293388912828682E-11
5.092440295321602E-12
1.3045654702560803
2.3293158896050848E-11
1.0385707704483634E-11
1.6752075439814131
8.735722312160526E-12
5.609473046673063E-12
2.618292065167543
7.647354016055548E-12
1.943382456313815E-11
3.8872307015729364
7.302622575830744E-12
5.1268100223264566E-12
2.5281729296890636
2.1991978805164077E-11
7.157468506136435E-12
1.4812551162298517
6.885536137480337E-11
2.129224499121307E-11
2.7996585545780253
6.754262952270669E-11
6.492389374426315E-12
0.6584175618699681
1.42137948727006E-11
1.410656126718458E-11
2.3997031422563335
8.511386512339434E-11
9.577076471683443E-11
2.298026083460092
1.2950103703950766E-11
4.6365872174005254E-11
3.387412854744641
3.884458628424943E-11
1.1446292008106128E-11
0.9047360419590397
1.8079936079929866E-12
1.1304726629212501E-11
2.823690411237515
1.3908060734397406E-11
1.4890540103325985E-11
0.7449329372016813
1.414115685569889E-11
8.00543789847333E-11
2.5465313259272286
1.680114596285007E-11
1.53658811010339E-11
2.320403615879873
1.6828045785752697E-11
1.503379769349372E-11
3.0116882518833696
5.070175093449172E-12
1.0828289984605012E-11
1.9361881664714506
1.3903729274383266E-11
3.102822713274689E-11
1.3220542960457613
4.246806466452865E-12
1.3246804097450749E-11
2.417189875755205
5.345805643585214E-11
4.7468269377658325E-12
0.5907668373558946
8.666906102641891E-11
1.144967156922578E-10
1.6851226646697537
1.3525018726861047E-11
1.1275309803356036E-11
2.766586871969533
7.003366936519846E-12
2.8358542713105677E-11
1.2435052793772159
3.5866566115996516E-11
1.1525181238229708E-11
5.7234809457032885
3.0334369272240296E-11
4.033216517024612E-11
1.9640031501919797
1.6067655275821756E-10
2.4116946413365288E-11
0.6755191471402928
7.980989022755957E-11
8.861595368464974E-12
3.264292313991281
3.456357255294602E-13
3.978127386726468E-11
1.7147650130856866
9.547371609085928E-11
1.80431731724364E-12
2.99016741813443
5.505181581039231E-11
8.724963354922884E-12
2.28266607243704
1.0959161229329459E-10
1.3099792813190193E-12
1.5791683445417346
5.640599638728246E-12
7.194317047617065E-12
1.992543947956937
5.279652109040066E-12
6.83727542803987E-12
2.3109464215423685
1.5417218615691232E-11
8.851658586482452E-12
2.673543175392146
1.2710770875019826E-10
1.190874086868385E-11
1.286165512540867
1.2428943400815539E-11
1.1853455271883162E-11
0.6397365838741795
1.2827799820793744E-11
7.340974917522086E-12
2.0229953876735345
1.2613698791717914E-11
2.5089460079315375E-11
3.181366980279067
5.458274672197312E-11
4.921310497196657E-12
2.425678075176821
1.4022211399940663E-11
2.0713457201438536E-11
3.2830283115446734
1.2935289570304034E-11
5.9702888757222775E-12
1.2059662661228208
4.847784119819083E-12
1.2395209099030365E-10
2.6653687711077123
2.6145178418306092E-11
2.1213927075249513E-13
0.40904748389330536
1.6120958503417095E-11
7.217087772332376E-11
3.6918773172894994
2.157066913986602E-11
4.532620319642351E-11
2.0031872016308623
2.6790164187161323E-11
6.98796171912435E-11
4.878793572235636
2.8624874511931473E-11
1.121955130842537E-11
5.156741410588013
6.181361523245792E-11
1.6940547057747405E-11
2.777257292084814
2.5696396688622063E-11
3.806008733469001E-11
4.807000506366002
3.930059713925956E-12
2.1409524234786548E-11
1.7618668787833844
2.9738510377282575E-11
1.8797912025193413E-11
5.287546603854186
3.346671442391345E-11
2.299904288164259E-11
3.335895597027701
1.1003333436223902E-11
3.377192679135427E-11
0.6793949326143095
1.73010056936624E-11
6.440984780202302E-12
3.324408843330889
1.5001213118160352E-12
8.637719238633573E-12
3.593280439746455
7.955691753497615E-12
3.916590801865601E-11
2.2288510650512054
1.3447341818463896E-11
6.471354830486302E-11
1.7275000852000755
2.1902880726592107E-11
6.4214046280405345E-12
5.125908842230654
1.1027666091920151E-11
8.23578306936099E-12
1.1128176876270788
1.7327266861939894E-11
2.378863565455611E-12
0.7231872510936892
7.086376087198331E-11
2.3151625864898394E-11
2.4065741256619977
2.7075501181306586E-12
1.5057601896225936E-11
1.6442158867604781
3.784452749658147E-11
2.7579372950093447E-11
1.0424324504674833
1.8812295740261586E-11
9.426477812985843E-12
1.402278264109107
3.2495934733333063E-12
3.069593548042331E-11
3.0127476264776063
3.720011792167207E-11
3.276456862393694E-12
2.7854367569137635
2.351715869084817E-11
2.3111239891516345E-11
5.078197690584312
9.680146010725942E-11
4.732667485958692E-12
2.1203095340324545
3.459712412549633E-11
9.455041499158277E-12
1.906421976746492
3.921102412193807E-12
1.9763174101247447E-12
3.1091672620575856
4.075400928847029E-11
1.003815669888159E-11
2.684692479881366
3.129121634400814E-11
1.3107680493143403E-10
3.8077263624031845
1.1609580503975278E-11
2.0157539724705212E-11
3.0209600870508484
3.294952684396123E-11
8.723439117695752E-12
3.530097906969753
6.1508786699981885E-12
2.7591820360115302E-11
2.925281040730187
5.052791488658772E-12
5.866200017950125E-11
1.5053364039135444
1.2727305772759666E-11
7.903156774809321E-12
4.779191001875757
1.8143138797829052E-11
5.698605056556023E-11
4.480744429460996
3.974033259865053E-12
2.7681488632386106E-11
0.9687751520841472
2.0934308213488506E-11
2.7459346572841175E-11
1.4263691840015178
1.4441286006184175E-12
1.0578279757107996E-11
2.122973330001162
7.046902103038804E-11
9.74436969492871E-12
4.792813468113788
2.743755137942713E-11
3.897948353698404E-11
2.214202302516457
1.0118741178992697E-11
1.4251880562753006E-11
3.2838029804743933
2.4994248260331952E-11
1.0355590981422483E-11
1.0530341559778247
1.9550595596091027E-11
1.9402373107655552E-11
4.572928272321945
9.640802367201558E-12
1.032055887000755E-11
2.5306181212853045
2.1576379013198857E-11
1.4797409647203195E-11
1.1729527633911625
2.135673425007485E-11
6.936408167865251E-12
1.6215603545210135
2.2930338956045455E-11
4.153762788133063E-11
1.7070950457671976
6.414009554803077E-12
1.0052093500734316E-10
4.094973074126556
4.9214144331855805E-12
2.3196368404168407E-11
2.2504876831889913
4.686094985248174E-11
3.783649485168975E-11
2.325107076624323
3.015047590008894E-11
4.854152357539026E-12
1.7644232388899619
1.470070299502294E-11
2.1629914810715963E-11
4.390624924516994
1.4668339826347904E-11
2.020079850021237E-11
0.4927639977033626
7.693604653002982E-12
5.974581304315698E-11
2.5173638639099014
1.0080503472878374E-11
1.74590650590018E-11
0.39529150867624546
5.197306585913651E-12
3.1871675085386804E-11
5.133653407718449
5.5340697909905984E-11
1.3484806538734699E-11
2.58708835810899
7.420176572449862E-11
1.7687683704556427E-11
2.769827409588572
1.270109048811404E-11
1.655658350483557E-11
0.9595648848063683
5.5411024270479913E-11
2.079261294510644E-11
2.871836537193773
2.069437672598041E-11
6.383810202162873E-11
0.2333474496292533
3.2069636243637406E-12
1.241173182064475E-10
2.5615674958940184
4.761501379727953E-11
6.261006936197245E-12
2.5886318457334516
1.3003140908894281E-11
3.3052235274575395E-11
4.4802747663541735
8.520571767880583E-11
1.2898472378529805E-10
2.4100586116835787
1.0194798891468862E-11
6.056082771757369E-11
5.513734287744269
1.1544641141585118E-11
1.4363485198016468E-11
6.230354379360946
6.814141661306623E-11
3.2471449967419204E-12
2.2870463263778094
7.486653490723391E-12
1.3896602347545526E-11
2.795337673324191
1.7423064203858614E-11
2.9958101413837674E-11
2.6649766317156502
1.2717342483392225E-11
1.5625937966467374E-11
0.6335376467237778
8.906278707980073E-12
1.1911964122050047E-11
3.672713839577919
4.1396905383947614E-12
1.4186033484388158E-11
3.35564036141916
3.576413889409469E-11
7.159509130259638E-12
3.688516780025099
2.03833674989835E-11
7.4892699261293E-11
2.603591414671172
8.691851068792834E-12
9.354651243136688E-11
1.9123134627453748
1.7263276065413806E-11
1.1471809742128276E-11
2.98287857292527
1.8529430151114954E-11
3.8346217332542235E-11
4.679930461582221
1.6175881775736397E-12
3.493619230331697E-11
1.9320195354666383
1.3028792388113533E-11
8.08101043741176E-11
2.2342446549980655
6.801588285875935E-12
7.024770759189327E-12
3.2537483237019704
1.6526423040909707E-11
2.8829272362721134E-11
3.6361689875400094
1.4667358713335033E-11
3.443636272343868E-11
1.743837313153066
1.858189983747718E-11
3.4254544527273277E-11
4.4620804574523865
5.99977620104527E-13
3.5244027725211574E-11
3.0653839616685303
1.1530364247566766E-11
2.8051521504370624E-12
4.4275832283766094
1.9106336968940998E-11
3.5760878586546015E-11
2.4550258729671
1.9333752340065208E-11
1.2129083973215778E-11
4.05284528594797
2.0134444367794126E-11
6.646614440021992E-11
3.0454772800405956
9.764275375901891E-12
1.8625274412425303E-11
2.4857117982863652
1.5128197886264414E-11
1.07272674937561E-11
1.5674853413168581
8.310132442717231E-12
1.744284361835304E-11
1.6988096722609238
1.5896237310250562E-11
9.532985674566049E-11
2.632972140574238
6.3950529131619315E-12
1.8064939470561823E-11
5.167438825326053
3.300945202336517E-11
3.402869134657098E-11
1.608075325597491
3.925617741783546E-11
1.2399261431545368E-10
1.7185440130002563
8.668607367625556E-12
2.3625660978599955E-11
3.1160626713737285
2.0325381183806898E-11
8.925955433526977E-11
2.4361034702749795
3.585183635287251E-11
4.164526163961556E-11
3.1708470022481414
1.4154543146541386E-11
7.930861094835131E-12
0.30674274256112777
8.948535040268711E-12
1.8125617250307286E-11
2.6020300093166133
1.660228219268425E-10
2.991412606008737E-11
0.07661022616710852
1.1141206012901418E-11
1.3614602804901942E-11
1.4175661392455374
9.307927857326716E-12
6.455585976822797E-11
4.356351289044523
1.146697622308045E-11
6.883009892431137E-12
0.569567496215654
1.2770629646518799E-11
1.1957951447379298E-11
2.944607371901588
2.6175487731697748E-11
3.174166355216336E-11
1.9205363244494797
4.328166718440216E-11
8.585387126755643E-11
1.6067345333059664
1.4583243656625555E-11
2.894304060937198E-12
2.872553291845698
5.995844616543398E-11
8.722448925258094E-11
3.70147933628299
9.165459489591286E-12
1.3602842567738437E-11
2.9898993101845526
1.9887732025933143E-10
1.3742020324103484E-10
1.9630481671681892
3.148116674859096E-11
1.6265306782696025E-11
6.934589492258256
7.347830745065951E-11
1.6698049467198508E-11
4.4442037231156055
1.7442730326506046E-11
7.01634674665616E-12
2.975760778442282
4.235053649646117E-11
1.459873380204182E-11
4.645673015013429
2.0220278337993576E-10
1.7957902106472742E-11
3.6666075417150448
3.2798676020132624E-11
8.40978875741025E-12
4.816174519793511
1.1983732872770704E-11
6.0634260312904E-11
2.2533651821582206
2.0110349970874975E-11
1.9845823379260867E-11
0.7644597037449804
3.795060603299471E-11
2.4136815688105722E-11
0.9514491675357912
1.087668548029455E-11
8.633271028059679E-11
2.584395748129481
7.002684174772733E-12
4.343663684500584E-11
3.625900735050928
2.567859798451301E-11
2.280909284642245E-12
1.0419552359257909
1.0554518797878811E-11
3.3892991922999864E-11
3.209335889644237
1.8627639213091324E-11
2.5841673659467402E-11
3.1943086687024516
1.3914642509500402E-11
9.818066594720628E-12
2.1935313336024946
4.642674497226612E-11
1.1410834542580648E-11
3.540397736979591
6.564492797235549E-11
5.2140909363707084E-12
5.193578140773274
1.7598311153819683E-11
2.967686774065089E-11
4.23594315273205
1.9652665966970855E-11
5.834948342761428E-11
3.607678592541515
2.319336550470734E-13
3.5267418259172605E-11
4.680267652041748
7.732677889087924E-12
6.450310820593104E-11
6.60419345682137
1.7438070929950734E-11
2.729299163712924E-12
3.8044375219229387
1.471795660080643E-11
2.913618192192583E-11
8.270832220733334
7.578133588204422E-12
1.043645281328052E-10
6.862674239405805
3.2371412191955534E-11
6.180792008829043E-11
5.590702719209838
9.958314435276615E-11
4.0913249322240104E-11
6.527939321764727
1.3391420018352085E-11
1.9288117482410952E-11
6.7617917064776005
5.2389743738545345E-12
6.846156856317757E-12
7.9267713613786706
1.544562906656845E-11
4.85112955783809E-12
5.355360082878041
9.109426661782606E-11
1.3575864563441202E-11
5.975615447654153
3.360527860814516E-11
9.025642510495129E-12
4.190892445504759
6.360230881030272E-11
6.3154086257565775E-12
8.596777642947929
6.919791927912959E-12
3.0862275543359595E-11
6.459390218315961
6.713398928273993E-12
9.936324165768148E-12
7.544519917960532
4.522691996588812E-11
2.0956382024648153E-11
5.222245195026829
2.0801466466085665E-11
2.4701762863696532E-11
9.61093405167279
1.974978466083032E-10
5.701553552212686E-12
6.262811410545494
1.1574816234916232E-11
3.764183237970512E-11
11.02570701629733
5.804787364878781E-12
1.7818460122431758E-11
8.860014461850847
2.5671634790196047E-12
9.36103883607013E-12
9.994363664033301
2.8068341369441494E-11
2.2189841400558026E-11
8.342083385071744
4.902790041433323E-12
2.1886916691854858E-11
11.3490416051042
2.4384432410634864E-11
5.2051732142528824E-11
8.407342542273685
1.627304119770166E-11
1.6571104457295446E-11
14.43018224319988
1.22553961944091E-11
2.318429512707399E-11
13.762032319394079
4.9056747512118535E-12
1.380004845450496E-10
13.29736560144198
4.059728129724922E-11
6.48908990766883E-12
11.810548608810068
2.4039884991291417E-11
1.041262660859337E-11
13.890914583684863
8.405459500512767E-12
4.9455918813857194E-11
11.1637315969154
2.2010188161746046E-11
1.0238057950063826E-11
14.699451188537093
1.6639200143026714E-11
1.575188961886493E-11
20.694589575488422
1.5664691081080384E-10
9.034303638801448E-12
19.336850490835694
2.0727787234061086E-11
1.1988862096628676E-11
17.319211186816798
5.111192622254041E-12
1.7322571170425585E-11
25.017237307477345
1.1054503686703713E-11
5.485079087421474E-12
24.68866404519982
4.691741075223788E-12
2.0825151632141864E-11
25.386029289611276
1.26821534557231E-11
3.746788413537439E-11
28.483838556491143
3.1797513424966423E-12
2.5758768451151418E-11
33.48214494960994
4.752902637190171E-11
3.76416846096773E-12
41.878863537710544
4.3255860421133776E-11
1.484546787929544E-11
41.19245420549972
2.6612598481420612E-11
1.8043954262523133E-11
49.89261720588146
3.3126361555412683E-11
3.309421755347628E-11
56.25305986155918
2.151796085374062E-11
3.2621922930352483E-12
66.21477749802115
1.4425469179123649E-11
9.594596994308595E-12
80.57873650682903
1.3726267698292387E-11
2.3957160196082756E-11
101.35324551319441
5.823911724999206E-11
2.8934843230119774E-11
139.9794540924726
1.1852182759552384E-10
5.701541391837062E-12
216.51943920119137
1.211558092499339E-10
5.356210551594206E-11
462.78175866479296
1.6700295734462917E-11
1.7444438301371127E-10
1393.9749230422728
2.7744563834162284E-10
8.880901704561089E-11
396.7838515619186
3.282296920929061E-11
1.2514779005352112E-10
1290.2612701277044
4.219857230420416E-10
1.910457781440549E-10
602.0125052342236
1.1754041528625477E-11
1.3670045030000336E-10
224.72381153767407
3.013456304637915E-11
9.084667774952553E-12
91.76963773369297
1.2140236500865386E-11
4.848576505942355E-11
95.35541289013857
3.644797720003051E-11
7.934746815410057E-12
858.1510295083818
6.891023650827588E-10
5.44891858392828E-10
1100.5458180172475
2.7456902921982228E-11
7.200798544105403E-11
574.8754994616039
7.792410143283741E-11
1.0731543403502064E-10
657.2504093607166
